007jpg 1
008jpg 1
009jpg 1
012 1
012jpg 1
014jpg 1
015 1
017jpg 1
027jpg 1
028 1
038jpg 1
038textjpg 1
041greekjpg 1
050jpg 1
051jpg 1
052jpg 1
053jpg 1
054jpg 1
060 1
060jpg 1
065jpg 1
067jpg 1
073 1
08 1
082jpg 1
086jpg 1
088 1
089jpg 1
090 1
0975 1
1000000 1
1000100606 1
100150 1
1002 1
1004 1
1006 1
1007 1
1008 1
1009 1
100in 1
100jpg 1
100pound 1
100th 1
100velleius 1
1010 1
10100 1
1015 1
1016 1
1017 1
1019 1
101decorative 1
101hannibals 1
101st 1
101titus 1
1021 1
102106 1
102111 1
1022 1
1023 1
1024 1
1026 1
1027 1
10271234 1
1028 1
102pompey 1
102two 1
102visconti 1
1031 1
103104 1
103106 1
1032 1
1033 1
1034 1
1037 1
1038 1
1039 1
103dado 1
1040 1
104000 1
1041 1
104106 1
1042 1
1043 1
1044 1
1045 1
1046 1
1047 1
